205
2 13
94192 88544 94356 45608 96767 91997 1599 82022 45948 4346 6990 70546 30723
12226 19
21317 87586 57834 95722 96465 1051 40142 54018 78666 6901 47382 13248 31668 61716 27539 86659 95625 93072 71160
3530 19
47404 44025 65649 11406 54107 77315 20779 14379 64281 13065 56196 21325 56985 56758 12587 48550 14640 65781 12597
7196 20
40462 30212 95110 43268 15572 44464 11413 10118 37962 76133 90138 43181 26650 84345 90342 82493 12667 73670 55285 59146
8512 20
81866 86820 56287 86341 72649 86205 43634 64636 77860 30433 96564 4701 67242 99761 82795 26711 80831 49819 63616 36939
10590 20
87435 95852 78911 93228 78899 16698 77661 80627 98765 42723 24523 35912 28350 22848 93883 99504 14456 48438 22139 48322
2804 20
21662 36831 18325 32087 99567 40839 88283 25313 59882 89744 35776 650 63603 33765 10209 4430 85309 63672 77727 41249
8544 20
16292 43577 24347 20987 26395 61454 18754 12340 34348 68113 48279 11583 44465 54256 86717 29450 71604 49633 28379 1111
3086 20
48422 32276 43483 37154 57961 88883 41059 53326 91068 41041 50781 35572 23501 47800 2698 74937 46442 86246 20852 25437
19166 20
80930 79771 91380 49047 71517 84645 18295 65333 72460 62732 76051 38096 57117 15781 75325 82593 26027 72058 68781 25539
5660 19
77091 27028 91436 60182 74154 85080 9546 8252 41562 13207 97508 91369 85274 82823 97725 56084 85013 52043 96141
13822 20
1819 1461 29866 84035 24360 92039 34096 77514 68231 29904 15916 59656 83844 15432 42546 74100 30148 79901 72794 10629
3920 20
33065 66986 79779 37814 92586 15504 37462 8816 30360 6488 65440 30904 26841 80465 40740 78377 22070 58849 2558 26926
10576 20
25182 28737 85930 45300 80276 27536 3206 10141 84768 69034 3028 70320 7137 74984 74627 8987 25386 61540 6389 78017
5872 19
79361 13418 34906 75105 91478 37916 29005 89387 84668 37879 44126 89879 34047 94414 14544 7784 63695 68413 1992
17394 20
35619 45104 44776 86267 17085 89554 3876 87902 38304 24855 77630 82092 78115 2284 82577 94634 66416 42488 5076 65791
3198 19
11607 13254 38763 51557 10902 64519 30557 38745 93254 9729 34493 79514 11831 76495 56326 3331 17390 57788 81280
19386 17
991 12574 90107 94674 59362 89000 4046 53196 17138 49181 6893 38246 70740 10196 45235 44492 95232
19614 20
3034 7833 27565 5897 66069 66792 23799 91531 48636 63040 51194 25166 32539 75753 17347 90405 26491 45685 5999 49240
15804 19
10970 29395 83517 26579 58602 29644 57830 51089 57998 2992 46423 83308 99186 18318 80845 88339 16893 72008 88594
15632 19
29279 83165 82861 56576 21168 9755 79735 5927 47844 48124 13176 90719 6691 43089 65395 99502 35113 90067 69558
2850 19
35687 62620 5751 75603 74316 70030 18512 88092 60367 503 37377 82775 78366 75658 88949 88912 43196 32595 76808
4988 20
33551 79579 4729 43399 39918 33432 63953 32355 74389 48818 42085 15829 40108 95617 35806 8519 57871 76814 83473 58246
18590 20
42080 72711 16973 96726 23597 68640 97076 42870 89243 7009 57516 37909 747 37479 48181 54341 59429 87581 33522 57295
3502 20
18814 80077 97517 91723 91749 62902 74833 84480 70715 28733 68603 68908 10305 11023 64392 7149 41618 54370 3419 44587
1810 17
1135 16486 26397 97527 64466 31208 62617 53568 86297 37057 44808 71323 90569 7538 24713 96928 28012
5290 20
45568 25465 76246 86827 8260 25096 53516 35291 84739 45494 57696 45285 35476 86734 21544 4356 6193 27945 43777 91944
1324 20
48941 87312 32402 83190 46618 77606 50977 25973 15297 26557 49350 31489 55860 41272 44823 15973 86001 9112 5110 66405
14718 20
8226 6016 41726 81897 46729 65508 65619 36550 63957 45114 59605 34271 81543 47834 46203 30585 67570 34122 51487 88944
16094 20
19009 1801 53710 47686 67877 80588 70965 59572 93679 13731 35624 53756 23451 70753 48638 89532 9462 52846 51652 16932
5122 19
47035 50332 87694 47585 42077 98687 34286 9355 3919 90653 30532 46678 23625 36243 53012 57157 54891 12033 61536
11528 20
78572 71306 24823 68800 59364 66108 94605 53371 59160 95236 63137 86642 69478 66230 53009 37166 75194 76502 26444 25576
2730 20
46785 61473 9703 53457 22118 67215 6637 5480 50191 16602 35016 83629 13278 36175 7442 78179 43337 18075 95115 31631
11244 19
52140 32620 19098 7845 60026 4633 27127 12746 14822 59919 91081 45934 80098 78307 56717 34928 3209 28194 94534
8280 19
37278 15677 4532 29502 99384 98735 54109 56378 66706 30583 22546 17427 31160 31040 81556 58217 49140 42697 88407
17458 19
71936 35203 33260 69082 65433 50050 87702 32405 56671 10134 74374 73194 74978 35881 72584 47730 18116 81479 15654
3214 19
70957 22806 70198 14572 16695 443 89988 87052 82204 70712 74681 81083 60313 73298 5223 92791 93400 81745 95307
6032 20
55366 59103 18432 34807 94206 34244 44696 84758 4840 45093 56574 10788 45619 12014 50932 62459 60802 61320 57506 32227
8378 20
55107 24790 78967 4685 65716 74653 48855 61295 3949 9443 98086 9776 42996 94512 95029 53254 61376 78816 40737 49469
13456 19
3037 68367 169 46683 20419 27475 71129 89031 33345 9678 62815 33423 99493 35650 9975 53500 751 89985 99419
9028 20
38479 63081 11304 49050 5672 47890 28662 88072 71928 77628 85018 52031 60769 4090 22984 40848 38189 48415 38979 60048
6682 18
89643 82696 96673 54815 23964 77225 8177 76201 37866 7453 31484 66710 34884 64382 45755 46621 33191 1489
13426 19
87917 28022 10214 14454 4014 60773 76611 89403 15454 4260 36804 55337 62255 85203 8461 90135 82890 72059 21673
8552 20
46631 60857 63686 80892 86342 47970 99148 21220 70417 71821 2809 4338 32042 39744 95189 86091 80800 93416 98905 92110
19612 20
54566 205 53462 25462 3203 77204 55021 34639 60084 63350 85938 64975 69928 20438 82251 30928 61658 57977 23730 30299
12018 20
29920 45867 5250 34661 11410 84551 87851 79165 43410 24401 60417 96729 54791 36282 49132 29348 34879 80558 14507 65795
16772 19
41505 75733 8231 42303 48764 98942 44086 17066 47878 42967 62862 12131 88746 10972 99595 22621 69228 50374 74830
4110 20
92636 91659 1710 6185 27668 44097 85047 64013 64706 45711 15150 57039 78222 78287 80293 59767 94677 2201 93387 38213
10116 18
98302 35107 51615 26128 52320 92737 91836 37004 20724 27485 37723 10394 30101 56288 69573 56493 54671 27927
10014 19
54408 54828 50106 68314 21514 30427 91079 53649 6050 25614 12938 18289 57867 64415 76702 46101 95257 35815 39830
1954 20
25452 69105 89648 84913 20915 2565 61575 79713 78129 70061 27399 92649 96395 40726 7768 3121 3485 61758 1581 84408
3076 20
83836 48693 12074 77438 74527 97801 42729 91907 10681 61374 87307 33275 37321 69114 17099 72268 54007 2729 6451 86409
17670 20
27790 33122 26969 32461 94166 47838 28952 15140 20112 94079 24810 57592 17043 29971 73288 27208 66250 80124 69488 47536
19876 20
86547 93171 55483 32255 71638 19533 93635 66338 73695 16797 64210 23664 80087 8300 27017 67641 80626 93406 33274 65351
836 20
1989 6910 94957 53611 54617 35858 275 15324 96586 66048 10368 24763 99685 93582 60189 47041 23860 42052 67351 95889
12388 20
39912 48885 9104 81647 14845 5896 3566 8650 90838 99532 35872 46958 60882 30943 86553 6591 91125 36402 75383 80380
13666 19
96968 91032 72490 99670 80719 59365 25371 935 26356 18282 83082 86543 65767 17907 44438 39171 22132 20256 25364
14438 20
75619 53763 17868 42873 41014 91340 51664 46565 67526 32922 9385 10604 19101 45458 68180 21624 7404 49821 58235 88476
10108 19
59378 10965 47759 45636 95967 73720 19673 93125 97335 25811 93391 63193 11913 25989 37442 56682 39551 97862 59427
12496 19
23903 93861 87397 68930 52998 13773 84919 97839 39781 43826 87127 1016 9586 82602 1267 17357 57766 80219 16436
5860 17
27465 27023 44911 38518 30469 38703 43243 46862 35499 81535 136 91547 58328 21993 70385 54481 87204
19296 19
6639 93830 20992 36874 77077 22523 36307 29392 69201 25354 15121 35547 14951 3723 46419 25514 24037 95318 47109
16604 20
42833 77553 60520 77403 8668 33035 59243 80421 56580 68204 25209 94550 23887 73315 93091 86813 91618 79257 44378 79564
12036 19
47062 81823 80407 27909 76518 24947 46107 23138 908 13927 76080 90235 97607 96869 90217 99079 44017 36596 99549
8828 20
20941 10327 3122 28378 49728 59260 7199 46770 14730 57058 20025 86589 84151 91694 32534 68090 37650 66666 7762 18639
4938 19
67246 15132 59586 22455 50910 55111 48757 6745 76499 71515 58641 58943 82367 92160 64188 4270 97638 75860 44075
10480 20
96215 93034 98401 60165 84253 40472 78457 72887 31060 60645 77807 77922 77815 48604 85295 32705 84030 20909 84346 99630
4770 19
83871 89392 74373 92352 32593 28226 75040 15032 84077 65527 72828 44035 34763 40514 6258 40138 66377 47168 52570
13674 20
43972 7098 43887 2475 46021 73748 76334 9803 34777 35649 16538 60963 11927 8810 13539 44567 63685 47880 20434 39964
3124 18
30326 71237 38789 92091 25619 18027 58267 92126 9880 16710 37006 87458 53032 16984 90433 5669 37612 27889
17502 18
51553 34853 38092 58401 56668 88161 7264 49185 83312 87766 22364 32270 44610 92134 9468 74777 31847 62683
40 20
57153 2596 41297 82303 77516 53043 53181 59697 34109 33832 31923 15417 289 10987 62074 45938 84845 50289 84320 54031
15978 19
54800 11809 73737 29220 50143 77953 60842 56908 78125 74963 38340 99324 71914 73639 99652 92503 56061 52276 6005
17680 19
73517 13780 93992 11548 81713 62467 17418 61444 25692 80409 4964 15830 66404 30601 79479 48420 24954 25978 76776
14970 20
30428 6999 499 97413 33899 74915 24604 1233 33011 62288 51693 35042 94567 31262 83090 68859 13048 89053 80159 27513
12372 19
43886 10957 64503 26521 88182 94908 13777 85140 80553 39140 75533 1550 81670 50605 47875 53631 4259 92901 49168
14576 18
31985 75752 35972 9724 70999 91452 56179 31373 51665 12943 47716 53773 35538 67875 18785 73935 41289 84244
19238 19
98375 59376 62769 22615 69299 62320 89076 82354 44304 98974 33397 50619 25482 8646 9983 2458 4238 94777 84855
17846 20
85397 77920 65273 41981 18982 44118 54162 39595 50624 20304 42017 66324 65981 21587 96594 67842 89647 3565 81571 84996
2526 19
59548 37217 91379 52936 12010 99440 21917 89874 28974 81930 93039 89597 60418 97293 91993 63823 15082 4865 76659
19674 20
15151 78858 64956 79991 86374 32683 72558 92220 84746 85288 54368 65991 46523 10156 37094 34747 49563 32046 63244 93608
1946 20
43377 67802 47495 17859 27474 16153 41005 15185 22442 90445 2389 23737 60423 42783 67061 2497 71103 55508 54586 35199
5194 18
7317 89768 13673 27348 39432 81132 77235 62448 55132 61967 85984 92388 99555 99463 76435 34838 8770 27542
668 20
14167 66077 85210 54340 26728 17375 65703 77281 16094 98009 629 56452 42018 2253 22979 83552 28898 66274 43130 56312
3104 19
57630 56068 37223 9404 57225 8504 4790 2684 97317 68416 88606 44066 60973 97265 34746 12481 51535 41567 21609
3858 20
91387 30272 71206 13849 2137 50666 71220 56262 98559 37082 78401 28227 7612 16058 29389 9633 97196 35298 99276 83502
4012 19
95397 94316 79354 70907 19293 94802 85118 26904 77068 36257 31161 17246 65171 97916 78552 21358 57394 84815 83642
12996 19
84139 80218 4320 80411 39819 45431 52642 33968 39310 58460 25232 59139 41187 10431 91704 791 91970 96622 54968
17850 20
12031 37607 75238 70709 11531 35164 63884 4045 74346 94983 39946 96539 82408 19112 35280 43711 36417 18916 60589 3317
5334 17
33667 60452 55114 24085 95190 18220 76598 26796 86730 77976 53405 78768 88819 25484 4386 15898 29143
12518 20
49500 39742 18166 64880 80381 89297 99517 1626 78186 6905 91261 56382 52036 4743 40405 61990 79538 86338 18399 2681
6078 20
54995 77961 87132 35781 39108 74535 69583 39175 6670 78023 15187 77621 54771 6021 85081 42724 15116 83715 87299 88556
16812 20
62327 27052 75782 17767 94531 8937 85493 4455 21434 2869 15557 14680 23404 86386 54822 29265 35887 70616 55744 11318
19696 20
40102 53569 49572 25360 83320 76930 96190 11764 81346 98774 83562 67470 90236 51583 34886 42249 31148 86436 37905 85170
12818 20
96625 7013 45766 95538 97811 96312 67157 68047 75829 20727 72073 35842 75512 89199 1689 26662 71706 93948 88726 28955
19392 18
53855 7619 27191 17474 74651 93660 84490 29084 15416 47087 90790 41934 35482 45783 24698 20718 21064 65462
19962 19
95073 65284 18809 67749 65687 93626 7725 26187 62181 54620 13131 29629 75845 76719 64647 27823 71117 678 90109
332 19
70232 77458 56855 28355 37089 6338 82111 76135 81958 78600 57068 71402 78531 77356 91426 51720 33518 88798 29967
1066 18
40565 28371 79778 41915 91636 22798 86400 83846 44285 89500 4761 50729 92286 75534 9513 78986 55620 67734
18444 19
76388 57012 19985 67088 26344 74554 24514 70487 25306 52725 29873 90500 83297 88825 86722 93774 8245 88738 84026
6604 20
25109 89106 1990 31788 96993 19561 8738 16442 40547 4023 4947 38908 19556 92476 2972 87044 71697 17449 35755 70229
14330 20
16300 88532 51927 46932 93598 11034 22616 51026 11250 1665 26683 11969 92743 59655 89788 4667 15824 1126 32675 43695
2266 20
12537 93410 33770 47465 91957 58438 54808 71646 32146 40655 42644 3261 88903 51733 48298 21363 21533 84502 13228 105
16188 18
89863 53286 34533 70998 84931 1934 15847 3141 17236 5675 11320 97945 22993 46747 93112 39976 35669 18541
16770 20
29310 76168 27699 71023 79781 90223 84313 24067 67329 15212 84933 67804 45614 54344 4986 37923 69826 34713 81966 89482
832 20
35379 51182 35870 89686 4159 81386 54775 23893 38207 51525 14555 31832 27588 20048 32142 48942 61405 5888 33165 16613
2132 19
77947 91882 87160 78289 73016 93966 56400 54970 9015 76483 33295 36080 88148 59899 39346 28543 50281 9836 95946
6482 19
3239 58788 31252 88967 24970 70624 41151 63771 40965 48404 66073 12530 2140 28472 60493 75140 95905 59117 31503
9294 20
64540 30050 57217 74853 8376 78733 87555 47445 36223 73883 20136 61007 99991 61592 21572 89107 37218 89958 94651 52237
13378 20
90381 36135 9103 31997 89247 92751 91244 61095 94490 83085 81121 49367 55025 22578 31119 91570 64789 82872 79150 31499
16310 20
31914 27950 34487 72355 38818 74864 9166 54153 60927 96609 2179 69752 3812 12247 9824 80683 23026 21478 7591 36818
11768 18
36814 68537 30065 87478 39790 85585 31854 46693 52764 4846 84184 64138 83191 7641 16870 43798 97060 5749
1674 19
79309 88896 58737 32937 65475 11472 43994 48816 46794 21077 33905 95451 26497 23010 65888 42037 33446 66978 56437
2838 20
36158 56241 48647 41546 70987 26719 76551 80455 90864 45974 37168 40677 20226 76713 55364 5959 49730 16675 56066 84881
8050 19
85138 7872 61395 25713 67415 62073 97843 56000 74750 47185 88984 40333 56147 96867 71537 67597 74278 70994 71113
4786 19
5874 45798 19690 38070 61950 20247 49985 24706 62322 50451 49173 27503 13110 61279 42608 9482 48016 60584 95757
13876 20
47247 36164 80846 97743 63659 60107 85692 33859 15426 26012 90470 96138 2814 64550 20272 89923 62652 62072 44769 6552
4992 20
66336 26985 27764 47549 14896 65060 1722 45994 76494 22049 4707 68844 98988 36009 48434 86643 75157 92082 65423 86359
818 20
94197 31129 34200 2194 25439 65595 69455 54593 13037 95036 16803 62757 79566 69269 42226 45051 47022 68646 79586 70901
12474 20
95663 46152 89336 72514 26472 74537 37495 85494 43916 49075 71100 88550 89773 67257 89011 6736 31748 23755 21997 97316
10744 20
88714 19200 148 13317 92326 6973 92824 62941 76146 27757 30254 36848 67048 49611 59805 44981 16987 17832 64207 70107
3704 20
62449 42784 8076 90832 98532 71754 24372 47864 93418 75646 79332 70104 26999 70893 19732 85434 94077 2958 29689 18328
14972 20
62708 92488 83709 66322 26815 12622 71957 45375 91006 11459 1530 74992 36115 97948 78824 23497 17261 75863 24630 93074
2714 20
83283 52190 15920 73445 49706 77787 89796 40507 56979 61543 74453 1718 98328 70779 66975 63860 57786 7850 74656 13975
12742 20
33734 88380 46583 427 32239 37690 34253 18097 91160 32566 93433 94898 93870 3501 84683 48312 43840 60385 40362 25601
17808 20
41038 78859 97455 2106 57343 23782 18017 25647 68033 15826 34201 36675 85260 72762 57029 99759 89694 97548 32021 27919
1934 17
74040 20379 15370 59592 64648 18952 65968 40690 52294 54415 53320 68523 42312 99123 6750 74347 61905
11258 18
56090 93725 50978 49668 70848 2466 65347 98738 42200 37945 62968 70865 65848 60959 19434 77697 42494 20184
12266 20
99616 70159 78304 91995 22965 35404 31537 49399 3129 98166 7367 31414 82418 24486 53964 86473 72999 51697 26482 70814
9904 19
60464 83976 54317 96872 60946 17168 17051 47056 80866 4648 94786 99435 84586 28703 9077 81802 97325 58531 79988
1414 17
20841 2800 13147 33992 15331 28375 2442 10091 9322 90300 1804 68665 20981 10130 96598 21956 27067
6102 15
7507 17096 20053 89911 80440 31709 57053 55851 41617 50044 77035 63291 69020 14042 20139
11758 19
24235 69799 76678 98054 26382 66952 54676 31596 99054 40835 77185 59590 44649 74694 560 37761 84287 3227 9243
6186 19
27169 56358 18211 77378 41758 28130 30594 53688 43220 52121 52667 31908 30153 97590 45266 68998 61478 76547 85027
17712 20
96934 45960 53255 91202 67913 89841 24195 43567 60260 33684 710 83507 2662 28196 20054 52502 77332 38041 43694 24800
2018 18
57938 78515 46188 13092 96445 51508 27054 27777 31576 49419 78428 2818 65480 52669 95842 84098 56557 16964
2760 19
40691 18061 99303 94194 50974 6759 79392 50975 29568 70157 13597 5584 98744 30402 54450 35731 91675 33885 26558
3534 19
53596 67168 24458 81273 52409 79777 72289 74387 61094 77826 69757 50775 13224 75892 6660 93776 75696 12421 554
8430 20
54352 12852 4888 90447 45593 51351 35921 51192 9893 76415 51564 4781 89105 74644 53206 7574 60102 86503 73820 88932
16796 20
31210 9817 5590 49023 94061 69177 59089 51866 1354 44684 1579 61890 11572 97489 72996 60563 93644 31618 65404 11403
19904 20
30746 79279 99083 23612 51430 44718 29724 93979 49895 98805 30497 64155 77165 50703 15113 59129 75166 50730 6896 83863
9428 20
7840 20958 42024 16018 72070 4500 47016 6256 15110 97498 15233 2430 70362 79089 18798 86903 344 55232 20393 76521
110 15
67037 84312 25896 13920 66803 72890 42403 52778 1443 50638 97254 81349 16396 49211 24468
15722 19
48240 24305 84469 41569 3402 36445 75104 59875 19307 47710 50291 53950 9732 10683 70194 42738 420 34841 70323
18092 18
13713 20061 78045 81167 86487 43068 19468 62787 19059 21167 54030 45335 21723 37302 69232 78288 82414 41506
1608 19
53927 70093 90712 81940 38793 16274 97193 67839 50810 13551 64953 46309 87528 62986 31818 28304 80392 39931 8554
10538 19
72659 86087 76207 39324 38777 76981 6354 82841 27271 18226 86878 35742 67509 43629 44171 9693 92722 36824 80163
18686 19
50743 45719 68511 99237 8794 79450 87459 1919 3597 23403 71781 70869 12970 49258 26016 54335 73823 40759 43938
7994 20
1780 51051 57060 43290 58993 70919 35666 47535 87377 84099 80609 51006 87655 61597 55704 75272 92155 93675 85299 11956
17360 18
59905 24578 22541 53446 4751 72105 11756 72708 31354 8456 80923 84389 95335 9977 32609 91990 69152 80286
344 18
1041 76712 14190 96439 98551 83172 6770 28062 96480 19756 25686 93834 46997 33601 77844 8249 43211 52473
2618 19
42684 98811 33440 99755 45173 63857 49382 72568 5425 69792 42318 96708 47574 24003 18345 54475 78234 94006 98799
8712 19
55999 62148 73320 57430 45052 87950 1478 7753 56024 50139 81916 51294 98644 28851 13807 62132 26051 47254 60822
6140 17
2904 25563 5537 43919 76490 1388 45787 9878 34797 92895 99210 13607 96849 50189 65572 8143 44352
19462 20
70796 24739 58576 55585 14811 22331 64189 86731 32356 95043 46789 90332 93533 77896 11655 9781 97708 19222 6266 53014
9666 18
45847 17987 8084 19225 41984 46705 91604 33710 71631 11151 69973 75615 68023 58981 93054 5466 4454 5678
14076 20
48985 81267 53124 43135 83890 48839 56971 76844 53984 99397 43065 91291 65088 78772 47961 5450 12469 80734 30514 37019
19706 20
49328 43414 65136 43624 14664 11346 24273 77919 71367 17676 46923 87708 42466 47385 43809 6912 2901 76378 52206 22245
4028 19
92691 53835 31217 65444 23008 25257 71968 64823 44499 51428 79480 16225 51244 95549 58155 22440 9792 64668 41015
5182 20
59603 58315 54953 97615 34053 43951 70859 83513 78111 45635 29997 37688 5742 48875 24522 45069 66541 90452 42927 81087
19476 19
71264 72656 84487 29563 41855 38358 66868 55201 14225 6091 67947 29742 58047 71043 29309 67536 86655 89434 48490
4550 20
13812 95580 21433 5724 14237 18594 69748 706 45754 81383 51872 20424 31581 5336 83970 50802 71022 95634 89548 68863
6448 18
20739 84505 91948 40460 35749 23213 34131 77868 27778 31259 27504 85020 14959 72482 88337 28497 95880 13444
5746 20
46245 5565 77664 3029 53109 76796 10387 21967 71926 83886 9651 39893 93211 25658 79408 37800 44347 50922 15290 5149
11944 18
29132 22135 38344 22971 30555 74513 36326 83747 37400 48281 66882 70249 29902 46878 26586 59170 17058 33269
7894 19
6548 23646 65033 20108 30765 36681 17013 65263 66385 40099 75106 34292 33586 93639 77853 61688 82457 82443 78060
4208 17
94707 52305 10579 25083 98670 52840 19124 11028 14424 37862 6743 32613 82672 52599 61578 29044 82318
17428 16
67293 34939 1490 28902 80978 79029 34916 30057 42292 23882 5124 16942 43209 61429 72714 10372
7048 19
61656 6594 85122 40136 92911 69437 672 89143 49092 22389 82484 66494 56113 39469 63837 46939 83589 14623 55861
13950 20
95895 65028 38847 9837 7438 41411 75842 62493 90778 44804 11666 87234 29098 79596 67111 23545 65090 80790 43942 88359
13314 18
89539 44223 91324 85014 26819 31792 71534 10195 63240 77941 57352 13355 68962 18667 93514 91373 46400 95713
274 20
59229 89139 44802 13761 40032 91654 56992 80739 30890 62274 59705 77442 58009 96918 71630 26421 98607 43787 13762 82340
10670 20
23728 60477 15142 89359 14964 4656 59122 66577 53476 40560 37532 19233 50292 42760 69842 45102 64881 78042 78893 20608
4112 20
5499 59987 65188 91863 41799 41440 47421 97431 62518 88144 18570 55571 47379 77093 61117 92375 30771 93835 31848 57445
4496 18
82702 68220 38308 22281 8131 30364 37130 84230 75941 51686 996 36357 48484 52810 63658 81455 68102 12144
1370 18
76599 59709 47959 96289 89530 3569 18534 62168 77143 76404 29962 7471 6642 90353 78566 17968 75396 63941
12930 17
78557 73781 58880 71231 73743 49221 42483 37271 70117 7568 84763 51166 88610 42093 7421 19163 8972
17966 16
59681 66278 22153 5325 61247 20310 47826 76643 64244 86490 87726 39197 79323 80064 89082 60915
13034 20
33632 91852 45138 5113 77689 93805 96845 57050 16781 99145 46630 55852 65985 62846 10925 85565 38420 63543 84723 21877
3684 19
90937 21689 9497 77503 10323 6586 76892 92269 37199 57389 95102 31189 3036 8138 84061 89534 99961 66478 2761
15890 19
26419 85337 37592 59069 30787 41921 51986 77037 18057 44847 46168 83071 94500 75284 8190 58459 33620 89051 48814
6982 17
36562 47025 28515 28574 9042 63597 26325 38819 90057 9197 523 53819 16656 25948 73667 42799 26137
4540 20
13151 68373 36013 77141 83406 54550 7341 37632 27432 25367 24443 96431 16400 77337 54049 48995 21349 79711 60244 96225
6814 20
39556 22649 28551 86708 67680 2525 55139 82917 53507 3749 37390 86556 77535 82683 84299 66604 2838 36740 33196 91345
10546 16
37152 6228 26000 54677 14946 18631 83652 52185 49264 37339 38740 37519 79790 8396 50995 82744
12706 18
42358 31336 45271 49638 61506 34590 27570 65044 40118 66726 43860 95531 23511 38972 64329 42176 77842 3993
16312 16
53310 65455 59108 11512 36210 44439 80827 98595 71329 92154 49227 84350 43034 61422 10710 5423
14178 20
94375 8412 27637 75544 27839 21222 24928 67545 57061 8631 29514 10166 42899 58188 85703 4075 97301 45307 42986 23859
15970 19
44930 27980 57104 6981 7690 38861 57279 91557 40900 55615 78896 88120 97991 96995 83098 98660 59248 60574 56008
6262 18
88641 56914 23567 26726 74193 74557 21113 79652 92289 51923 61595 31519 1414 82904 71423 16468 33482 59713
15338 18
32857 78534 93229 8053 36925 67900 51435 85338 98104 77890 77543 72876 13007 59940 14518 21284 62646 13360
7464 19
11752 93284 52515 95452 42765 28301 37336 75648 53788 70974 75582 52799 59457 62527 94814 14429 45520 87672 28041
5520 20
39908 59588 22593 33693 20900 90412 43513 39207 18178 48522 10911 89978 49471 90172 76238 23359 23179 91442 32169 59994
13466 20
68300 64978 63448 18926 28875 51248 41210 93576 54041 13724 15518 5703 20435 73562 42076 1786 6926 11427 29216 8321
7992 18
98541 26424 24720 41186 66268 9532 17806 77398 50498 26309 89267 83365 15730 11629 88766 84043 50262 86451
3726 20
64931 79943 84894 63853 87836 30658 82779 91053 23202 96620 87810 94411 28128 8407 59677 79774 55557 16910 95796 21546
2908 20
17714 25123 54983 15385 56190 28208 24651 38811 66733 39332 49749 74243 1339 59341 61255 12015 70749 68226 51412 22832
19742 19
34553 59381 84963 98810 26958 34399 91285 95460 40288 7031 65133 27792 10416 35560 99838 49916 35036 68752 42155
4748 20
92511 95985 99184 91996 57460 60194 5275 42763 81065 90410 29834 80114 79075 60599 80700 56102 90475 33766 12505 2562
7024 20
86459 67403 49801 16661 73895 87866 36645 21298 78003 96446 98336 26075 84028 25701 58760 62307 52794 96366 36731 39541
7260 19
5750 51851 72472 64501 66715 5300 6044 12758 93128 99147 70113 88364 68531 4753 16242 789 26714 44889 24513
16860 19
85646 23975 78313 31461 89881 57694 90302 89449 78878 63330 51622 22533 62183 49799 46195 32858 28795 99216 33232
7374 20
86381 3504 368 4589 64481 49658 48373 67725 17946 48264 74785 30454 47652 8515 5290 72494 50903 75781 85782 1455
6502 19
84792 24436 18470 53961 2956 37840 87903 74616 41381 15285 82689 3942 86017 13094 83947 85404 64919 30398 58421
6396 19
15294 44100 59670 1864 15359 82717 46959 14783 50515 85980 57086 14134 99941 42164 15037 60699 30375 43206 56321
